267,UMA,94,94,100.00,89,94,94.68,1009.1259,841.7530,16.59,4.865897,1.546576,68.22,100.0000
268,UMA,94,94,100.00,83,94,88.30,1010.2115,844.1129,16.44,4.843425,1.323991,72.66,100.0000
269,UMA,94,94,100.00,94,94,100.00,1012.3141,844.5494,16.57,4.945989,1.256275,74.60,100.0000
270,UMA,94,94,100.00,89,94,94.68,1016.3355,845.5982,16.80,5.335260,1.261076,76.36,100.0000
271,UMA,94,94,100.00,91,94,96.81,1017.8246,846.2755,16.85,5.260253,1.240608,76.42,100.0000
272,UMA,94,94,100.00,89,94,94.68,1018.7874,847.5210,16.81,5.235173,1.234000,76.43,100.0000
273,UMA,94,94,100.00,87,94,92.55,1023.3788,849.0524,17.03,5.742704,1.242738,78.36,100.0000
274,UMA,94,94,100.00,94,94,100.00,1024.5528,851.1679,16.92,5.649228,1.312248,76.77,100.0000
275,UMA,94,94,100.00,94,94,100.00,1026.7060,853.7067,16.85,5.564387,1.355235,75.64,100.0000
276,UMA,94,94,100.00,94,94,100.00,1027.1792,854.8837,16.77,5.337384,1.358049,74.56,100.0000
277,UMA,93,94,98.94,93,93,100.00,1028.7213,855.9225,16.80,4.652825,1.265902,72.79,100.0000
278,UMA,93,93,100.00,91,93,97.85,1030.4930,856.9965,16.84,4.610620,1.140073,75.27,100.0000
279,UMA,93,93,100.00,93,93,100.00,1030.5476,857.9251,16.75,4.581011,1.125709,75.43,100.0000
280,UMA,93,93,100.00,93,93,100.00,1030.8543,858.4346,16.73,4.495919,1.058337,76.46,100.0000
281,UMA,93,93,100.00,92,93,98.92,1030.9350,858.5537,16.72,4.444795,1.007262,77.34,100.0000
282,UMA,93,93,100.00,92,93,98.92,1033.3299,859.2381,16.85,3.604819,0.992299,72.47,100.0000
283,UMA,93,93,100.00,92,93,98.92,1035.0721,860.5261,16.86,3.089298,0.993567,67.84,100.0000
284,UMA,93,93,100.00,93,93,100.00,1035.4658,861.8191,16.77,2.980518,0.994733,66.63,100.0000
285,UMA,93,93,100.00,92,93,98.92,1035.9825,862.3426,16.76,2.752262,0.959777,65.13,100.0000
286,UMA,93,93,100.00,92,93,98.92,1037.8021,862.8586,16.86,2.704219,0.961247,64.45,100.0000
287,UMA,93,93,100.00,93,93,100.00,1038.0971,863.4918,16.82,2.475444,0.901478,63.58,100.0000
288,UMA,93,93,100.00,93,93,100.00,1038.4929,864.0905,16.79,2.416865,0.876361,63.74,100.0000
289,UMA,93,93,100.00,93,93,100.00,1038.8756,864.2706,16.81,2.397699,0.793664,66.90,100.0000
290,UMA,93,93,100.00,93,93,100.00,1039.5327,864.7415,16.81,2.221361,0.722627,67.47,100.0000
291,UMA,93,93,100.00,93,93,100.00,1039.7753,865.0350,16.81,2.251235,0.690024,69.35,100.0000
292,UMA,93,93,100.00,92,93,98.92,1040.0489,865.3127,16.80,2.112000,0.621547,70.57,100.0000
293,UMA,93,93,100.00,93,93,100.00,1040.6695,865.5127,16.83,2.146092,0.619703,71.12,100.0000
294,UMA,93,93,100.00,93,93,100.00,1040.9145,865.7052,16.83,2.161102,0.609076,71.82,100.0000
295,UMA,93,93,100.00,93,93,100.00,1041.1842,866.0334,16.82,2.194518,0.640240,70.83,100.0000
296,UMA,93,93,100.00,92,93,98.92,1041.6066,866.3230,16.83,1.553169,0.618481,60.18,100.0000
297,UMA,92,93,98.92,92,92,100.00,1041.6926,866.5187,16.82,1.527166,0.528112,65.42,100.0000
298,UMA,92,92,100.00,92,92,100.00,1041.9375,866.6692,16.82,1.529669,0.433080,71.69,100.0000
299,UMA,92,92,100.00,92,92,100.00,1042.1874,866.6914,16.84,1.415616,0.435745,69.22,100.0000
300,UMA,92,92,100.00,91,92,98.91,1042.3663,866.7387,16.85,1.030850,0.437025,57.61,100.0000
301,UMA,92,92,100.00,92,92,100.00,1042.5133,866.8488,16.85,0.966336,0.446700,53.77,100.0000
302,UMA,92,92,100.00,92,92,100.00,1042.6985,866.8709,16.86,0.963387,0.431947,55.16,100.0000
303,UMA,92,92,100.00,91,92,98.91,1044.9342,867.6359,16.97,0.400727,0.392969,1.94,100.0000
304,UMA,92,92,100.00,92,92,100.00,1045.5441,868.4166,16.94,0.394617,0.294872,25.28,100.0000
305,UMA,92,92,100.00,92,92,100.00,1046.0927,869.2220,16.91,0.276160,0.140490,49.13,100.0000
306,UMA,92,92,100.00,92,92,100.00,1047.4871,869.6715,16.98,0.275918,0.117953,57.25,100.0000
307,UMA,92,92,100.00,92,92,100.00,1049.3748,870.1890,17.08,0.275316,0.108260,60.68,100.0000
308,UMA,92,92,100.00,89,92,96.74,1050.1423,870.7195,17.09,0.215564,0.103326,52.07,100.0000
309,UMA,92,92,100.00,84,92,91.30,1051.2857,871.2287,17.13,0.228984,0.101106,55.85,100.0000
310,UMA,92,92,100.00,91,92,98.91,1052.5866,871.6453,17.19,0.250759,0.098886,60.57,100.0000
311,UMA,92,92,100.00,92,92,100.00,1054.1738,872.7794,17.21,0.264106,0.100339,62.01,100.0000
312,UMA,92,92,100.00,91,92,98.91,1054.3826,873.7889,17.13,0.167380,0.105555,36.94,100.0000
313,UMA,92,92,100.00,92,92,100.00,1054.5995,874.4147,17.09,0.164428,0.094705,42.40,100.0000
314,UMA,92,92,100.00,92,92,100.00,1054.8839,874.4608,17.10,0.171316,0.078320,54.28,100.0000
315,UMA,92,92,100.00,92,92,100.00,1054.9674,874.4710,17.11,0.169723,0.077936,54.08,100.0000
316,UMA,92,92,100.00,92,92,100.00,1055.1029,874.5802,17.11,0.170899,0.079471,53.50,100.0000
317,UMA,92,92,100.00,92,92,100.00,1055.3445,874.6733,17.12,0.174540,0.081175,53.49,100.0000
318,UMA,92,92,100.00,92,92,100.00,1055.6541,874.8897,17.12,0.180660,0.085408,52.72,100.0000
319,UMA,92,92,100.00,90,92,97.83,1056.8203,875.2827,17.18,0.180524,0.089297,50.53,100.0000
320,UMA,92,92,100.00,92,92,100.00,1057.0120,875.6037,17.16,0.178879,0.090556,49.38,100.0000
321,UMA,91,92,98.91,91,91,100.00,1058.2610,875.6962,17.25,0.175505,0.091078,48.11,100.0000
322,UMA,91,91,100.00,90,91,98.90,1058.5572,876.2576,17.22,0.175492,0.090917,48.19,100.0000
323,UMA,91,91,100.00,91,91,100.00,1060.2407,877.3094,17.25,0.174264,0.088804,49.04,100.0000
324,UMA,91,91,100.00,90,91,98.90,1060.8834,878.0845,17.23,0.176868,0.089440,49.43,100.0000
325,UMA,91,91,100.00,91,91,100.00,1061.0185,878.7696,17.18,0.170369,0.086069,49.48,100.0000
326,UMA,91,91,100.00,91,91,100.00,1061.2190,878.9901,17.17,0.164988,0.079289,51.94,100.0000
327,UMA,91,91,100.00,91,91,100.00,1061.4244,879.0257,17.18,0.166400,0.076517,54.02,100.0000
328,UMA,91,91,100.00,90,91,98.90,1061.5811,879.1152,17.19,0.168900,0.077649,54.03,100.0000
329,UMA,91,91,100.00,91,91,100.00,1061.7272,879.1765,17.19,0.165474,0.078701,52.44,100.0000
330,UMA,91,91,100.00,90,91,98.90,1061.7825,879.2757,17.19,0.167145,0.079932,52.18,100.0000
331,UMA,91,91,100.00,91,91,100.00,1062.0593,879.3903,17.20,0.169994,0.080718,52.52,100.0000
332,UMA,91,91,100.00,91,91,100.00,1062.1782,879.5397,17.19,0.171713,0.083118,51.59,100.0000
333,UMA,91,91,100.00,91,91,100.00,1062.3952,879.7316,17.19,0.131053,0.085590,34.69,100.0000
334,UMA,91,91,100.00,89,91,97.80,1062.7354,879.9473,17.20,0.133733,0.083204,37.78,100.0000
335,UMA,91,91,100.00,86,91,94.51,1067.7506,881.7702,17.42,0.741268,0.168849,77.22,100.0000
336,UMA,91,91,100.00,90,91,98.90,1069.7085,884.0227,17.36,0.737445,0.262034,64.47,100.0000
337,UMA,91,91,100.00,85,91,93.41,1074.9404,885.1589,17.66,0.780065,0.292486,62.50,100.0000
338,UMA,91,91,100.00,82,91,90.11,1080.4689,886.5050,17.95,1.531615,0.336310,78.04,100.0000
339,UMA,91,91,100.00,67,91,73.63,1089.8754,888.7833,18.45,4.458046,0.471530,89.42,100.0000
340,UMA,91,91,100.00,74,91,81.32,1096.1937,889.5879,18.85,5.729560,0.478435,91.65,100.0000
341,UMA,91,91,100.00,87,91,95.60,1100.0536,891.8271,18.93,5.876332,0.581346,90.11,100.0000
342,UMA,91,91,100.00,73,91,80.22,1107.7189,894.1182,19.28,5.891532,0.645447,89.04,100.0000
343,UMA,91,91,100.00,79,91,86.81,1113.7630,895.5567,19.59,6.187377,0.713523,88.47,100.0000
344,UMA,91,91,100.00,73,91,80.22,1118.5951,898.0892,19.71,6.204646,0.740009,88.07,100.0000
345,UMA,91,91,100.00,84,91,92.31,1124.6479,900.0108,19.97,6.500211,0.743545,88.56,100.0000
346,UMA,91,91,100.00,69,91,75.82,1133.5088,902.2937,20.40,8.085009,0.816550,89.90,100.0000
347,UMA,85,91,93.41,48,85,56.47,1143.9499,906.0639,20.80,8.147747,0.936232,88.51,100.0000
348,UMA,79,85,92.94,31,79,39.24,1176.3469,919.9084,21.80,21.482468,4.119902,80.82,100.0000
349,UMA,200,200,100.00,61,200,30.50,1203.2725,931.2501,22.61,46.299816,4.189744,90.95,100.0000
350,UMA,196,200,98.00,28,196,14.29,1244.9615,937.2123,24.72,47.388325,4.197333,91.14,100.0000
351,UMA,182,196,92.86,96,182,52.75,1249.1708,951.7263,23.81,47.514135,5.802516,87.79,100.0000
352,UMA,166,182,91.21,57,166,34.34,1284.7008,959.2664,25.33,53.696325,7.457110,86.11,100.0000
353,UMA,165,166,99.40,74,165,44.85,1300.3983,968.1386,25.55,58.996903,7.507760,87.27,100.0000
354,UMA,162,165,98.18,91,162,56.17,1317.4617,980.3825,25.59,64.409294,8.308615,87.10,100.0000
355,UMA,160,162,98.77,97,160,60.63,1324.1093,982.2157,25.82,64.741190,8.349571,87.10,100.0000
356,UMA,153,160,95.63,46,153,30.07,1336.2814,984.6443,26.31,69.786276,8.371874,88.00,100.0000
357,UMA,151,153,98.69,55,151,36.42,1361.6130,993.9537,27.00,72.150827,8.599279,88.08,100.0000
358,UMA,145,151,96.03,45,145,31.03,1380.8108,996.1108,27.86,72.527441,8.793365,87.88,100.0000
359,UMA,144,145,99.31,87,144,60.42,1391.2863,1002.1138,27.97,74.690660,9.383697,87.44,100.0000
360,UMA,142,144,98.61,35,142,24.65,1416.5795,1009.8001,28.72,96.448209,10.941951,88.66,100.0000
361,UMA,137,142,96.48,45,137,32.85,1447.1637,1016.8210,29.74,123.441207,11.332197,90.82,100.0000
362,UMA,133,137,97.08,45,133,33.83,1476.0878,1022.9269,30.70,134.790796,12.150360,90.99,100.0000
363,UMA,128,133,96.24,46,128,35.94,1503.7443,1034.0074,31.24,150.121088,15.756939,89.50,100.0000
364,UMA,122,128,95.31,34,122,27.87,1531.6725,1044.3665,31.82,159.970552,16.364634,89.77,100.0000
365,UMA,122,122,100.00,40,122,32.79,1546.7774,1049.9294,32.12,162.226972,16.864779,89.60,100.0000
366,UMA,122,122,100.00,90,122,73.77,1557.2039,1056.3924,32.16,166.282891,17.901844,89.23,100.0000
367,UMA,122,122,100.00,56,122,45.90,1573.1428,1065.0592,32.30,170.258179,18.042509,89.40,100.0000
368,UMA,122,122,100.00,86,122,70.49,1581.9635,1067.3847,32.53,170.584771,18.073201,89.41,100.0000
369,UMA,122,122,100.00,120,122,98.36,1586.1117,1070.7080,32.49,168.181069,18.061087,89.26,100.0000
370,UMA,122,122,100.00,118,122,96.72,1588.8468,1072.0543,32.53,166.657992,18.107181,89.14,100.0000
371,UMA,117,122,95.90,116,117,99.15,1589.5208,1073.7507,32.45,166.662937,18.075905,89.15,100.0000
372,UMA,115,117,98.29,115,115,100.00,1592.3954,1074.6448,32.51,166.834789,17.886180,89.28,100.0000
373,UMA,106,115,92.17,104,106,98.11,1595.1589,1076.0368,32.54,166.742056,17.908684,89.26,100.0000
374,UMA,105,106,99.06,104,105,99.05,1596.8651,1077.8016,32.51,166.836719,17.951442,89.24,100.0000
375,UMA,105,105,100.00,93,105,88.57,1602.0692,1080.1475,32.58,167.136026,18.053319,89.20,100.0000
376,UMA,105,105,100.00,84,105,80.00,1614.3280,1085.8863,32.73,165.809489,18.191390,89.03,100.0000
377,UMA,105,105,100.00,79,105,75.24,1625.6444,1094.7921,32.65,165.781409,18.210438,89.02,100.0000
378,UMA,105,105,100.00,95,105,90.48,1627.1690,1102.1689,32.26,151.852026,15.085767,90.07,100.0000
379,UMA,105,105,100.00,97,105,92.38,1629.7059,1106.3069,32.12,127.456068,15.024566,88.21,100.0000
380,UMA,105,105,100.00,99,105,94.29,1636.6305,1108.9841,32.24,126.542698,15.017904,88.13,100.0000
381,UMA,105,105,100.00,103,105,98.10,1637.4016,1111.8830,32.09,126.453682,13.375866,89.42,100.0000
382,UMA,105,105,100.00,105,105,100.00,1638.6681,1114.3486,32.00,119.976775,11.753169,90.20,100.0000
383,UMA,105,105,100.00,104,105,99.05,1640.4611,1115.0220,32.03,115.009778,11.681555,89.84,100.0000
384,UMA,105,105,100.00,104,105,99.05,1643.6772,1115.2948,32.15,109.290537,10.730122,90.18,100.0000
385,UMA,104,105,99.05,104,104,100.00,1643.8177,1115.9126,32.11,109.084603,10.723777,90.17,100.0000
386,UMA,101,104,97.12,99,101,98.02,1645.4345,1116.4855,32.15,104.237071,10.721965,89.71,100.0000
387,UMA,101,101,100.00,94,101,93.07,1647.5356,1116.6197,32.22,101.803474,10.559979,89.63,100.0000
388,UMA,101,101,100.00,99,101,98.02,1648.5705,1116.9784,32.25,101.491383,10.406432,89.75,100.0000
389,UMA,101,101,100.00,93,101,92.08,1652.7375,1118.1700,32.34,99.059260,9.702509,90.21,100.0000
390,UMA,101,101,100.00,99,101,98.02,1653.2906,1119.7461,32.27,77.142335,8.278202,89.27,100.0000
391,UMA,101,101,100.00,99,101,98.02,1655.3208,1120.3943,32.32,50.094221,7.827904,84.37,100.0000
392,UMA,101,101,100.00,99,101,98.02,1656.8278,1120.7339,32.36,39.212804,7.062518,81.99,100.0000
393,UMA,101,101,100.00,99,101,98.02,1657.2708,1121.0329,32.36,23.089767,3.153565,86.34,100.0000
394,UMA,101,101,100.00,99,101,98.02,1658.6504,1121.1062,32.41,14.017823,2.696346,80.76,100.0000
395,UMA,101,101,100.00,100,101,99.01,1659.7483,1121.3177,32.44,10.553244,1.779878,83.13,100.0000
396,UMA,101,101,100.00,101,101,100.00,1660.0111,1121.5084,32.44,6.940854,0.840179,87.90,100.0000
397,UMA,101,101,100.00,101,101,100.00,1660.7075,1121.7999,32.45,2.451776,0.423109,82.74,100.0000
398,UMA,101,101,100.00,98,101,97.03,1662.3989,1122.3450,32.49,1.384391,0.353342,74.48,100.0000
399,UMA,101,101,100.00,99,101,98.02,1664.0820,1123.4944,32.49,1.378996,0.256041,81.43,100.0000
400,UMA,100,101,99.01,94,100,94.00,1667.2022,1125.5703,32.49,1.179785,0.220937,81.27,100.0000
401,UMA,100,100,100.00,94,100,94.00,1672.1382,1128.7110,32.50,1.206610,0.211575,82.47,100.0000
402,UMA,100,100,100.00,96,100,96.00,1674.1881,1131.8448,32.39,1.108986,0.215320,80.58,100.0000
403,UMA,100,100,100.00,95,100,95.00,1675.7841,1133.7037,32.35,0.981190,0.238330,75.71,100.0000
404,UMA,100,100,100.00,97,100,97.00,1678.0001,1134.9237,32.36,0.999963,0.271014,72.90,100.0000
405,UMA,100,100,100.00,100,100,100.00,1678.2115,1136.2207,32.30,0.363129,0.237661,34.55,100.0000
406,UMA,100,100,100.00,98,100,98.00,1679.4656,1137.4280,32.27,0.357595,0.160146,55.22,100.0000
407,UMA,100,100,100.00,100,100,100.00,1679.8813,1137.8759,32.26,0.350566,0.106164,69.72,100.0000
408,UMA,100,100,100.00,100,100,100.00,1681.5695,1138.6124,32.29,0.372488,0.108127,70.97,100.0000
409,UMA,100,100,100.00,98,100,98.00,1683.5866,1139.9206,32.29,0.376761,0.119310,68.33,100.0000
410,UMA,100,100,100.00,98,100,98.00,1683.9565,1141.2203,32.23,0.382048,0.127988,66.50,100.0000
411,UMA,100,100,100.00,100,100,100.00,1685.7385,1142.5765,32.22,0.379375,0.129857,65.77,100.0000
412,UMA,100,100,100.00,100,100,100.00,1686.5729,1143.2661,32.21,0.383471,0.127085,66.86,100.0000
413,UMA,99,100,99.00,99,99,100.00,1687.6003,1144.0767,32.21,0.376300,0.132303,64.84,100.0000
414,UMA,99,99,100.00,99,99,100.00,1688.3460,1144.9391,32.19,0.369030,0.143572,61.09,100.0000
415,UMA,97,99,97.98,97,97,100.00,1688.5840,1145.5623,32.16,0.367577,0.146602,60.12,100.0000
416,UMA,97,97,100.00,97,97,100.00,1689.3189,1145.9820,32.16,0.349370,0.137492,60.65,100.0000
417,UMA,97,97,100.00,97,97,100.00,1689.5219,1146.2511,32.16,0.342499,0.136292,60.21,100.0000
418,UMA,97,97,100.00,95,97,97.94,1689.9386,1146.6547,32.15,0.340011,0.136293,59.92,100.0000
419,UMA,97,97,100.00,97,97,100.00,1690.4483,1146.8558,32.16,0.356944,0.137060,61.60,100.0000
420,UMA,97,97,100.00,97,97,100.00,1690.6163,1147.0977,32.15,0.357233,0.140265,60.74,100.0000
686,UMA,120,200,60.00,6,120,5.00,15353.7669,11265.6051,26.63,29072.258369,5273.184626,81.86,100.0000
687,UMA,4,120,3.33,2,4,50.00,21608.5591,11891.8414,44.97,29831.177661,16804.563901,43.67,100.0000
688,UMA,152,200,76.00,4,152,2.63,22196.7534,12343.1515,44.39,33163.847061,19608.322997,40.87,100.0000
689,UMA,100,152,65.79,15,100,15.00,22253.1603,12934.6309,41.88,33178.199208,24632.564575,25.76,100.0000
690,UMA,90,100,90.00,48,90,53.33,22285.1506,13295.5826,40.34,17915.132820,27729.532429,-54.78,100.0000
691,UMA,88,90,97.78,32,88,36.36,22310.2873,13314.5197,40.32,17934.440835,26881.256603,-49.89,100.0000
692,UMA,78,88,88.64,23,78,29.49,22326.0877,13325.8824,40.31,17893.961281,25799.502756,-44.18,100.0000
693,UMA,200,200,100.00,132,200,66.00,22329.4159,13331.6805,40.30,17795.888846,25818.896584,-45.08,100.0000
694,UMA,181,200,90.50,172,181,95.03,22330.9740,13334.5580,40.29,17191.708027,25731.361273,-49.67,100.0000
695,UMA,167,181,92.27,130,167,77.84,22336.0804,13334.8250,40.30,17183.410890,25645.267492,-49.24,100.0000
696,UMA,155,167,92.81,127,155,81.94,22346.4017,13337.1190,40.32,17159.292396,25625.292263,-49.34,100.0000
697,UMA,137,155,88.39,27,137,19.71,22369.8294,13343.3659,40.35,17226.443204,25672.823349,-49.03,100.0000
698,UMA,105,137,76.64,25,105,23.81,22398.7110,13353.5642,40.38,17249.377934,25729.612860,-49.16,100.0000
699,UMA,72,105,68.57,7,72,9.72,22632.5065,13386.9233,40.85,18006.572504,25696.930612,-42.71,100.0000
700,UMA,140,200,70.00,17,140,12.14,22716.5349,13418.9876,40.93,17847.972156,25646.728263,-43.70,100.0000
701,UMA,48,140,34.29,9,48,18.75,22786.7421,13454.1483,40.96,17873.313713,25602.868462,-43.25,100.0000
702,UMA,144,200,72.00,30,144,20.83,22798.8990,13491.1270,40.83,17897.796889,25659.062947,-43.36,100.0000
703,UMA,84,144,58.33,17,84,20.24,22802.2684,13508.6821,40.76,17930.845301,25708.376762,-43.38,100.0000
704,UMA,30,84,35.71,24,30,80.00,22817.3766,13510.4545,40.79,17750.423476,25747.313495,-45.05,100.0000
705,UMA,2,2,100.00,0,0,0.00,22817.3766,13514.4958,40.77,17624.780316,25793.263876,-46.35,100.0000
706,UMA,1,1,100.00,0,0,0.00,22817.3766,13517.8705,40.76,17547.148150,25839.913007,-47.26,100.0000
707,UMA,2,2,100.00,0,0,0.00,22817.3766,13517.8705,40.76,17562.551602,25883.112141,-47.38,100.0000
708,UMA,1,1,100.00,0,0,0.00,22817.3766,13517.8705,40.76,16477.579245,25677.954204,-55.84,100.0000
709,UMA,2,2,100.00,0,0,0.00,22817.3766,13517.8705,40.76,16477.579245,25398.738747,-54.14,100.0000
710,UMA,1,1,100.00,0,0,0.00,22817.3766,13517.8705,40.76,16297.634509,25088.732271,-53.94,100.0000
711,UMA,2,2,100.00,0,0,0.00,22817.3766,13517.8705,40.76,14234.245156,25061.597890,-76.07,100.0000
712,UMA,16,19,84.21,9,16,56.25,22843.1170,13523.6202,40.80,13545.434334,25048.286793,-84.92,100.0000
713,UMA,8,10,80.00,4,8,50.00,22885.9682,13528.3747,40.89,13466.557655,25062.160019,-86.11,100.0000
714,UMA,1,1,100.00,0,0,0.00,22885.9682,13533.1292,40.87,7797.398888,25083.177781,-221.69,100.0000
715,UMA,81,200,40.50,24,81,29.63,22981.6956,13564.7737,40.98,7799.924611,25083.385480,-221.58,100.0000
716,UMA,0,81,0.00,0,0,0.00,22981.6956,13586.8504,40.88,4931.450983,24799.215383,-402.88,100.0000
717,UMA,2,2,100.00,0,0,0.00,22981.6956,13608.9271,40.78,4346.874358,13176.146396,-203.12,100.0000
718,UMA,1,1,100.00,0,0,0.00,22981.6956,13608.9271,40.78,1113.173253,9542.509483,-757.23,100.0000
719,UMA,1,1,100.00,0,0,0.00,22981.6956,13608.9271,40.78,1099.917455,2548.932288,-131.74,100.0000
720,UMA,1,1,100.00,0,0,0.00,22981.6956,13608.9271,40.78,1089.533777,98.507869,90.96,100.0000
721,UMA,1,1,100.00,0,0,0.00,22981.6956,13608.9271,40.78,1090.269762,98.929604,90.93,100.0000
722,UMA,1,1,100.00,0,0,0.00,22981.6956,13608.9271,40.78,1089.289915,99.337036,90.88,100.0000
723,UMA,1,1,100.00,0,0,0.00,22981.6956,13608.9271,40.78,1089.925647,99.551179,90.87,100.0000
724,UMA,1,1,100.00,0,0,0.00,22981.6956,13608.9271,40.78,1089.795416,99.907307,90.83,100.0000
725,UMA,1,1,100.00,0,0,0.00,22981.6956,13608.9271,40.78,1088.260213,99.854446,90.82,100.0000
726,UMA,1,1,100.00,0,0,0.00,22981.6956,13608.9271,40.78,1088.640870,99.523118,90.86,100.0000
727,UMA,1,1,100.00,0,0,0.00,22981.6956,13608.9271,40.78,1070.401524,97.417717,90.90,100.0000
728,UMA,1,1,100.00,0,0,0.00,22981.6956,13608.9271,40.78,1067.732997,93.932618,91.20,100.0000
729,UMA,1,1,100.00,0,0,0.00,22981.6956,13608.9271,40.78,5.414500,64.614411,-1093.36,100.0000
730,UMA,1,1,100.00,0,0,0.00,22981.6956,13608.9271,40.78,4.941885,39.208059,-693.38,100.0000
731,UMA,1,1,100.00,0,0,0.00,22981.6956,13608.9271,40.78,3.921690,16.598063,-323.24,100.0000
732,UMA,2,2,100.00,0,0,0.00,22981.6956,13608.9271,40.78,3.183904,10.676850,-235.34,100.0000
733,UMA,1,1,100.00,0,0,0.00,22981.6956,13608.9271,40.78,3.053141,9.263715,-203.42,100.0000
734,UMA,2,2,100.00,0,0,0.00,22981.6956,13608.9271,40.78,3.056818,9.323264,-205.00,100.0000
735,UMA,2,2,100.00,0,0,0.00,22981.6956,13608.9271,40.78,3.056818,9.378721,-206.81,100.0000
736,UMA,8,8,100.00,8,8,100.00,22983.4490,13609.3314,40.79,3.053676,9.408711,-208.11,100.0000
737,UMA,6,6,100.00,5,6,83.33,22984.3335,13609.9377,40.79,3.047775,9.378324,-207.71,100.0000
738,UMA,16,16,100.00,15,16,93.75,22986.0741,13610.8531,40.79,3.085830,9.348515,-202.95,100.0000
739,UMA,27,28,96.43,22,27,81.48,22993.5568,13612.2048,40.80,3.736497,9.506891,-154.43,100.0000
740,UMA,35,37,94.59,27,35,77.14,23000.0198,13615.1759,40.80,3.957677,9.901101,-150.17,100.0000
741,UMA,32,42,76.19,28,32,87.50,23001.3203,13618.6447,40.79,4.007810,10.348302,-158.20,100.0000
742,UMA,26,31,83.87,23,26,88.46,23002.2792,13620.1729,40.79,0.965062,10.449301,-982.76,100.0000
743,UMA,79,147,53.74,74,79,93.67,23002.5923,13620.2766,40.79,0.967961,10.227396,-956.59,100.0000
744,UMA,105,200,52.50,103,105,98.10,23003.1012,13620.6429,40.79,0.981015,9.957479,-915.02,100.0000
745,UMA,36,105,34.29,34,36,94.44,23003.6590,13620.9310,40.79,0.816750,5.239931,-541.56,100.0000
746,UMA,105,200,52.50,105,105,100.00,23004.0685,13621.2029,40.79,0.818992,2.966182,-262.17,100.0000
747,UMA,24,105,22.86,8,24,33.33,23016.2295,13623.8636,40.81,3.475815,0.707270,79.65,100.0000
748,UMA,30,30,100.00,10,30,33.33,23026.3168,13626.6105,40.82,3.605496,0.836941,76.79,100.0000
749,UMA,4,4,100.00,4,4,100.00,23028.3998,13629.8525,40.81,3.660866,1.018202,72.19,100.0000
750,UMA,1,1,100.00,0,0,0.00,23028.3998,13632.4424,40.80,3.660866,1.015696,72.26,100.0000
751,UMA,1,1,100.00,0,0,0.00,23028.3998,13632.9229,40.80,3.660866,1.009104,72.44,100.0000
752,UMA,1,1,100.00,0,0,0.00,23028.3998,13632.9229,40.80,3.660866,1.009104,72.44,100.0000
753,UMA,1,1,100.00,0,0,0.00,23028.3998,13632.9229,40.80,3.660866,1.009104,72.44,100.0000
754,UMA,1,1,100.00,0,0,0.00,23028.3998,13632.9229,40.80,3.660866,1.009104,72.44,100.0000
755,UMA,1,1,100.00,0,0,0.00,23028.3998,13632.9229,40.80,3.660866,1.009104,72.44,100.0000
756,UMA,1,1,100.00,0,0,0.00,23028.3998,13632.9229,40.80,3.660866,1.009104,72.44,100.0000
757,UMA,1,1,100.00,0,0,0.00,23028.3998,13632.9229,40.80,3.660866,1.009104,72.44,100.0000
758,UMA,1,1,100.00,0,0,0.00,23028.3998,13632.9229,40.80,3.660866,1.009104,72.44,100.0000
759,UMA,1,1,100.00,0,0,0.00,23028.3998,13632.9229,40.80,3.660866,1.009104,72.44,100.0000
760,UMA,1,1,100.00,0,0,0.00,23028.3998,13632.9229,40.80,3.660866,1.009104,72.44,100.0000
761,UMA,7,7,100.00,5,7,71.43,23047.9371,13637.4286,40.83,6.080907,1.002019,83.52,100.0000
762,UMA,33,33,100.00,32,33,96.97,23068.8371,13646.7538,40.84,8.455657,1.001427,88.16,100.0000
763,UMA,47,51,92.16,21,47,44.68,23083.9610,13659.4387,40.83,8.451205,0.995754,88.22,100.0000
764,UMA,24,24,100.00,14,24,58.33,23090.4660,13669.0647,40.80,8.465058,1.051850,87.57,100.0000
765,UMA,11,11,100.00,11,11,100.00,23094.0032,13674.4019,40.79,8.531060,1.090001,87.22,100.0000
766,UMA,21,21,100.00,16,21,76.19,23106.9026,13678.4891,40.80,12.535395,1.247141,90.05,100.0000
767,UMA,40,40,100.00,22,40,55.00,23126.3798,13686.5027,40.82,19.363411,2.202161,88.63,100.0000
768,UMA,65,65,100.00,32,65,49.23,23153.7071,13699.8027,40.83,30.994351,4.126708,86.69,100.0000
769,UMA,162,181,89.50,27,162,16.67,23205.4384,13722.0631,40.87,51.303704,5.681718,88.93,100.0000
770,UMA,131,162,80.86,66,131,50.38,23229.8461,13745.5133,40.83,52.414438,6.185197,88.20,100.0000
771,UMA,123,131,93.89,35,123,28.46,23251.0347,13767.8714,40.79,52.578521,6.147435,88.31,100.0000
772,UMA,117,123,95.12,52,117,44.44,23255.1995,13779.2669,40.75,52.421583,6.242900,88.09,100.0000
773,UMA,112,117,95.73,70,112,62.50,23261.8468,13786.3487,40.73,51.670930,6.219364,87.96,100.0000
774,UMA,111,112,99.11,85,111,76.58,23269.7421,13790.2769,40.74,50.879100,6.120085,87.97,100.0000
775,UMA,108,111,97.30,92,108,85.19,23274.4016,13794.6914,40.73,49.868550,6.067575,87.83,100.0000
776,UMA,105,108,97.22,101,105,96.19,23275.1948,13797.7382,40.72,49.572989,5.965880,87.97,100.0000
777,UMA,101,105,96.19,99,101,98.02,23276.8472,13798.8535,40.72,49.877236,5.946384,88.08,100.0000
778,UMA,97,101,96.04,95,97,97.94,23278.4459,13799.5358,40.72,50.061327,5.950509,88.11,100.0000
779,UMA,95,97,97.94,88,95,92.63,23279.6792,13800.3242,40.72,50.240605,5.909740,88.24,100.0000
780,UMA,95,95,100.00,95,95,100.00,23279.9281,13801.0198,40.72,50.172655,5.869505,88.30,100.0000
781,UMA,91,95,95.79,89,91,97.80,23280.7279,13801.4994,40.72,50.025549,5.863532,88.28,100.0000
782,UMA,90,91,98.90,90,90,100.00,23280.7937,13801.6859,40.72,50.042984,5.847127,88.32,100.0000
783,UMA,86,90,95.56,85,86,98.84,23281.3258,13801.9445,40.72,50.104678,5.832973,88.36,100.0000
784,UMA,83,86,96.51,83,83,100.00,23281.6700,13802.1248,40.72,50.060817,5.828061,88.36,100.0000
785,UMA,80,83,96.39,80,80,100.00,23281.9354,13802.2641,40.72,50.012866,5.820700,88.36,100.0000
786,UMA,74,80,92.50,71,74,95.95,23282.1070,13802.3423,40.72,50.000367,5.814713,88.37,100.0000
787,UMA,79,79,100.00,76,79,96.20,23282.9590,13802.5872,40.72,50.208756,5.833363,88.38,100.0000
788,UMA,66,66,100.00,62,66,93.94,23285.1385,13803.3011,40.72,50.444714,5.894231,88.32,100.0000
789,UMA,89,89,100.00,80,89,89.89,23287.0868,13804.3790,40.72,50.339677,5.968099,88.14,100.0000
790,UMA,89,89,100.00,84,89,94.38,23289.1447,13805.7717,40.72,50.509456,6.056445,88.01,100.0000
791,UMA,89,89,100.00,88,89,98.88,23289.9043,13806.7848,40.72,50.656550,6.158294,87.84,100.0000
792,UMA,88,89,98.88,77,88,87.50,23295.5191,13808.3202,40.73,49.722153,6.199582,87.53,100.0000
793,UMA,81,88,92.05,76,81,93.83,23297.1326,13809.9345,40.72,49.930320,6.175079,87.63,100.0000
794,UMA,80,81,98.77,77,80,96.25,23299.1306,13812.0118,40.72,49.697089,6.017247,87.89,100.0000
795,UMA,78,80,97.50,78,78,100.00,23299.4048,13812.8723,40.72,50.186264,5.919068,88.21,100.0000
796,UMA,46,46,100.00,46,46,100.00,23299.7970,13813.3608,40.71,47.928020,5.902049,87.69,100.0000
797,UMA,66,66,100.00,62,66,93.94,23300.8359,13813.7338,40.72,42.204373,5.124411,87.86,100.0000
798,UMA,86,86,100.00,81,86,94.19,23302.2745,13814.0734,40.72,30.684239,3.193732,89.59,100.0000
799,UMA,86,86,100.00,67,86,77.91,23306.1435,13814.7779,40.72,8.611988,1.473593,82.89,100.0000
800,UMA,86,86,100.00,61,86,70.93,23312.2378,13815.3605,40.74,6.513323,0.667983,89.74,100.0000
801,UMA,86,86,100.00,60,86,69.77,23324.0117,13817.1834,40.76,5.366715,0.625929,88.34,100.0000
802,UMA,86,86,100.00,76,86,88.37,23328.9288,13818.0016,40.77,5.542919,0.623765,88.75,100.0000
803,UMA,86,86,100.00,67,86,77.91,23330.3847,13820.2480,40.76,4.818725,0.780769,83.80,100.0000
804,UMA,86,86,100.00,75,86,87.21,23332.0290,13821.3857,40.76,3.400660,0.721721,78.78,100.0000
805,UMA,86,86,100.00,81,86,94.19,23336.0211,13822.2554,40.77,3.418864,0.528969,84.53,100.0000
806,UMA,86,86,100.00,80,86,93.02,23339.2200,13823.5381,40.77,3.438867,0.394824,88.52,100.0000
807,UMA,86,86,100.00,83,86,96.51,23342.7665,13823.8038,40.78,3.537220,0.359094,89.85,100.0000
808,UMA,86,86,100.00,81,86,94.19,23345.9595,13824.3425,40.78,3.659361,0.342862,90.63,100.0000
809,UMA,86,86,100.00,80,86,93.02,23351.7914,13824.4933,40.80,3.631698,0.321427,91.15,100.0000
810,UMA,86,86,100.00,80,86,93.02,23352.6188,13825.2671,40.80,3.648339,0.303074,91.69,100.0000
811,UMA,86,86,100.00,75,86,87.21,23354.0561,13826.3622,40.80,3.656219,0.322475,91.18,100.0000
812,UMA,86,86,100.00,71,86,82.56,23358.7986,13827.7571,40.80,4.315220,0.378398,91.23,100.0000
813,UMA,86,86,100.00,56,86,65.12,23365.9071,13829.8159,40.81,4.310288,0.386141,91.04,100.0000
814,UMA,86,86,100.00,40,86,46.51,23377.6989,13831.0328,40.84,4.880453,0.401104,91.78,100.0000
815,UMA,86,86,100.00,32,86,37.21,23387.9122,13832.1249,40.86,6.876171,0.415049,93.96,100.0000
816,UMA,85,86,98.84,35,85,41.18,23403.4389,13834.3358,40.89,8.856688,0.493167,94.43,100.0000
817,UMA,85,85,100.00,38,85,44.71,23419.0641,13836.0665,40.92,9.578215,0.509486,94.68,100.0000
818,UMA,85,85,100.00,48,85,56.47,23430.9519,13838.6614,40.94,9.618859,0.600619,93.76,100.0000
819,UMA,85,85,100.00,42,85,49.41,23436.3638,13840.9852,40.94,9.857233,0.742982,92.46,100.0000
820,UMA,70,85,82.35,19,70,27.14,23451.2845,13845.7040,40.96,12.769421,1.091338,91.45,100.0000
821,UMA,197,200,98.50,41,197,20.81,23489.5363,13853.0899,41.02,12.892694,1.130151,91.23,100.0000
822,UMA,197,197,100.00,65,197,32.99,23511.0207,13854.7929,41.07,15.265637,1.133230,92.58,100.0000
823,UMA,196,197,99.49,103,196,52.55,23520.7865,13857.3312,41.08,15.347694,1.265096,91.76,100.0000
824,UMA,190,196,96.94,106,190,55.79,23530.8962,13866.5377,41.07,15.413370,1.334352,91.34,100.0000
825,UMA,187,190,98.42,165,187,88.24,23538.3893,13869.7569,41.08,15.977954,1.473238,90.78,100.0000
826,UMA,185,187,98.93,166,185,89.73,23541.9259,13870.8485,41.08,16.121738,1.499490,90.70,100.0000
827,UMA,180,185,97.30,156,180,86.67,23545.7931,13872.5454,41.08,16.146305,1.494150,90.75,100.0000
828,UMA,178,180,98.89,168,178,94.38,23549.6856,13873.6492,41.09,16.151983,1.494391,90.75,100.0000
829,UMA,178,178,100.00,178,178,100.00,23551.3738,13875.0394,41.09,15.671957,1.486628,90.51,100.0000
830,UMA,178,178,100.00,176,178,98.88,23552.8887,13875.2125,41.09,14.733442,1.471582,90.01,100.0000
831,UMA,177,178,99.44,177,177,100.00,23552.9961,13875.9322,41.09,14.373268,1.447608,89.93,100.0000
832,UMA,177,177,100.00,176,177,99.44,23553.6487,13876.2194,41.09,14.297598,1.451147,89.85,100.0000
833,UMA,175,177,98.87,168,175,96.00,23554.9526,13876.6399,41.09,14.319004,1.352535,90.55,100.0000
834,UMA,175,175,100.00,168,175,96.00,23556.4622,13877.2813,41.09,14.337561,1.363216,90.49,100.0000
835,UMA,175,175,100.00,174,175,99.43,23556.5423,13877.7790,41.09,13.782679,1.357012,90.15,100.0000
836,UMA,175,175,100.00,169,175,96.57,23558.1337,13878.4383,41.09,13.817322,1.365355,90.12,100.0000
837,UMA,175,175,100.00,166,175,94.86,23560.4642,13878.8949,41.09,13.777802,1.365091,90.09,100.0000
919,UMA,101,101,100.00,100,101,99.01,26649.2308,15649.5960,41.28,334.632185,23.595384,92.95,100.0000
920,UMA,101,101,100.00,89,101,88.12,26653.1752,15654.0509,41.27,34.874494,22.265308,36.16,100.0000
921,UMA,101,101,100.00,83,101,82.18,26661.1328,15656.1101,41.28,24.180256,22.159652,8.36,100.0000
922,UMA,101,101,100.00,101,101,100.00,26665.6016,15660.5281,41.27,25.284645,12.796623,49.39,100.0000
923,UMA,101,101,100.00,92,101,91.09,26674.8608,15666.6423,41.27,28.799570,12.318551,57.23,100.0000
924,UMA,100,101,99.01,82,100,82.00,26686.4893,15673.4991,41.27,29.430833,13.382553,54.53,100.0000
925,UMA,100,100,100.00,94,100,94.00,26699.3762,15682.9133,41.26,29.308167,15.677830,46.51,100.0000
926,UMA,100,100,100.00,75,100,75.00,26707.1026,15692.1259,41.24,25.831604,17.446524,32.46,100.0000
927,UMA,100,100,100.00,24,100,24.00,26712.7445,15699.6436,41.23,25.764395,18.491178,28.23,100.0000
928,UMA,99,100,99.00,17,99,17.17,26730.6880,15706.3298,41.24,26.266453,18.638069,29.04,100.0000
929,UMA,97,99,97.98,14,97,14.43,26845.0790,15744.1707,41.35,154.412493,49.395365,68.01,100.0000
930,UMA,96,97,98.97,18,96,18.75,26966.9267,15811.8962,41.37,366.535863,160.881146,56.11,100.0000
931,UMA,88,96,91.67,10,88,11.36,27015.0274,15887.3740,41.19,373.630726,296.328331,20.69,100.0000
932,UMA,85,88,96.59,16,85,18.82,27148.9293,15961.4691,41.21,520.140521,417.350299,19.76,100.0000
933,UMA,85,85,100.00,46,85,54.12,27186.3279,16011.3469,41.11,519.860376,452.656727,12.93,100.0000
934,UMA,85,85,100.00,23,85,27.06,27288.3772,16071.3258,41.11,540.278221,500.930250,7.28,100.0000
935,UMA,85,85,100.00,20,85,23.53,27339.9015,16110.6307,41.07,537.011193,508.124713,5.38,100.0000
936,UMA,83,85,97.65,26,83,31.33,27364.2818,16138.2816,41.02,530.204605,506.726563,4.43,100.0000
937,UMA,81,83,97.59,15,81,18.52,27485.4920,16155.3359,41.22,616.923146,521.014725,15.55,100.0000
938,UMA,79,81,97.53,17,79,21.52,27655.2863,16216.3300,41.36,634.141882,606.384825,4.38,100.0000
939,UMA,147,200,73.50,7,147,4.76,27826.0834,16309.9108,41.39,695.611305,782.395745,-12.48,100.0000
940,UMA,115,147,78.23,10,115,8.70,27880.5795,16393.0328,41.20,695.027359,890.465898,-28.12,100.0000
941,UMA,104,115,90.43,14,104,13.46,27907.8007,16448.5137,41.06,700.402075,942.984288,-34.63,100.0000
942,UMA,101,104,97.12,36,101,35.64,27919.5327,16469.1385,41.01,704.748528,951.822969,-35.06,100.0000
943,UMA,101,101,100.00,73,101,72.28,27929.4784,16480.3471,40.99,707.525922,957.771120,-35.37,100.0000
944,UMA,90,101,89.11,28,90,31.11,27985.6718,16498.9891,41.04,743.378290,971.562623,-30.70,100.0000
945,UMA,80,90,88.89,71,80,88.75,27987.9374,16515.5939,40.99,744.529854,981.859915,-31.88,100.0000
946,UMA,78,80,97.50,76,78,97.44,27988.8794,16529.8743,40.94,744.243760,989.399470,-32.94,100.0000
947,UMA,200,200,100.00,194,200,97.00,27990.2155,16530.8890,40.94,739.986576,988.008459,-33.52,100.0000
948,UMA,200,200,100.00,198,200,99.00,27993.5276,16531.9724,40.94,734.285611,985.687720,-34.24,100.0000
949,UMA,199,200,99.50,198,199,99.50,27995.8969,16533.5746,40.94,729.614142,982.189140,-34.62,100.0000
950,UMA,193,199,96.98,190,193,98.45,27998.7578,16534.3225,40.95,729.881665,980.134740,-34.29,100.0000
951,UMA,191,193,98.96,191,191,100.00,28000.5531,16534.6283,40.95,732.671677,980.248968,-33.79,100.0000
952,UMA,188,191,98.43,188,188,100.00,28003.7823,16535.1197,40.95,735.029922,981.214551,-33.49,100.0000
953,UMA,188,188,100.00,187,188,99.47,28007.2766,16536.6759,40.96,735.631352,982.453146,-33.55,100.0000
954,UMA,185,188,98.40,182,185,98.38,28008.4068,16538.3403,40.95,736.577417,983.398662,-33.51,100.0000
955,UMA,180,185,97.30,180,180,100.00,28011.0605,16539.4517,40.95,738.123842,983.607214,-33.26,100.0000
956,UMA,179,180,99.44,167,179,93.30,28012.2452,16540.4639,40.95,739.460111,983.752437,-33.04,100.0000
957,UMA,178,179,99.44,175,178,98.31,28012.5155,16541.3965,40.95,740.609857,984.167006,-32.89,100.0000
958,UMA,175,178,98.31,169,175,96.57,28014.6766,16541.7368,40.95,738.703122,984.534686,-33.28,100.0000
959,UMA,175,175,100.00,171,175,97.71,28016.5133,16541.8739,40.96,620.547863,955.618156,-54.00,100.0000
960,UMA,173,175,98.86,161,173,93.06,28017.8205,16542.1212,40.96,393.050360,834.746800,-112.38,100.0000
961,UMA,173,173,100.00,162,173,93.64,28022.0648,16542.4415,40.97,377.583147,669.551739,-77.33,100.0000
962,UMA,160,173,92.49,27,160,16.88,28062.1257,16553.2509,41.01,186.751818,502.346845,-168.99,100.0000
963,UMA,119,160,74.38,5,119,4.20,28385.7944,16646.2160,41.36,185.532466,505.428001,-172.42,100.0000
964,UMA,96,119,80.67,9,96,9.38,28665.2005,16801.7199,41.39,143.520710,610.727995,-325.53,100.0000
965,UMA,30,96,31.25,4,30,13.33,29034.0766,17030.4660,41.34,256.159230,911.803998,-255.95,100.0000
966,UMA,148,200,74.00,7,148,4.73,29253.8196,17221.9657,41.13,252.054150,1162.273034,-361.12,100.0000
967,UMA,114,148,77.03,13,114,11.40,29359.3350,17369.4147,40.84,226.746400,1333.484318,-488.10,100.0000
968,UMA,100,114,87.72,20,100,20.00,29440.9353,17452.0648,40.72,264.191157,1369.462436,-418.36,100.0000
969,UMA,94,100,94.00,26,94,27.66,29509.3304,17503.2992,40.69,282.119171,1239.597143,-339.39,100.0000
970,UMA,78,94,82.98,21,78,26.92,29595.6935,17551.2386,40.70,323.989928,1147.721488,-254.25,100.0000
971,UMA,186,200,93.00,10,186,5.38,29719.7305,17607.6369,40.75,367.889802,1112.701083,-202.45,100.0000
972,UMA,178,186,95.70,93,178,52.25,29734.9463,17652.8816,40.63,364.965676,1100.469837,-201.53,100.0000
973,UMA,171,178,96.07,92,171,53.80,29744.3483,17682.5859,40.55,363.485509,1072.967288,-195.19,100.0000
974,UMA,161,171,94.15,118,161,73.29,29747.2296,17687.4755,40.54,338.716096,1036.385580,-205.97,100.0000
975,UMA,144,161,89.44,95,144,65.97,29760.4220,17689.7386,40.56,345.830775,1009.455495,-191.89,100.0000
976,UMA,125,144,86.81,87,125,69.60,29779.8920,17695.4976,40.58,357.284491,996.227147,-178.83,100.0000
977,UMA,113,125,90.40,80,113,70.80,29795.8743,17704.6000,40.58,360.971708,1010.700402,-179.99,100.0000
978,UMA,104,113,92.04,50,104,48.08,29805.3332,17712.3546,40.57,363.195862,1021.649713,-181.29,100.0000
979,UMA,72,104,69.23,8,72,11.11,29834.8146,17714.5681,40.62,380.586227,1017.030306,-167.23,100.0000
980,UMA,186,200,93.00,14,186,7.53,29889.5052,17730.3122,40.68,381.390424,1002.866484,-162.95,100.0000
981,UMA,176,186,94.62,59,176,33.52,29919.5741,17739.9354,40.71,384.616900,992.353309,-158.01,100.0000
982,UMA,171,176,97.16,14,171,8.19,29978.5796,17748.6708,40.80,416.105184,1005.735561,-141.70,100.0000
983,UMA,167,171,97.66,37,167,22.16,29990.9666,17765.3535,40.76,418.555607,1037.515438,-147.88,100.0000
984,UMA,164,167,98.20,18,164,10.98,30013.0461,17772.2525,40.78,428.112415,1047.937328,-144.78,100.0000
985,UMA,160,164,97.56,24,160,15.00,30021.5335,17775.3274,40.79,428.061687,1043.340138,-143.74,100.0000
986,UMA,151,160,94.38,120,151,79.47,30028.6507,17779.7084,40.79,428.434902,1036.491589,-141.93,100.0000
987,UMA,139,151,92.05,125,139,89.93,30032.1949,17780.0573,40.80,428.442990,1034.647772,-141.49,100.0000
988,UMA,118,139,84.89,107,118,90.68,30037.1457,17782.5340,40.80,429.054236,1032.411190,-140.62,100.0000
989,UMA,102,118,86.44,91,102,89.22,30044.7865,17785.0350,40.80,429.621526,1029.942122,-139.73,100.0000
990,UMA,87,102,85.29,75,87,86.21,30051.6116,17785.7480,40.82,429.884983,1029.639288,-139.52,100.0000
991,UMA,83,87,95.40,82,83,98.80,30052.6322,17786.1993,40.82,429.843011,1029.895952,-139.60,100.0000
992,UMA,79,83,95.18,75,79,94.94,30055.9829,17788.3779,40.82,429.706726,1039.028316,-141.80,100.0000
993,UMA,42,42,100.00,37,42,88.10,30058.7442,17789.6546,40.82,429.622697,1037.636541,-141.52,100.0000
994,UMA,38,38,100.00,38,38,100.00,30060.3856,17790.5890,40.82,416.095515,949.480481,-128.19,100.0000
995,UMA,33,33,100.00,32,33,96.97,30060.7474,17791.2310,40.82,250.190161,732.629404,-192.83,100.0000
996,UMA,44,44,100.00,42,44,95.45,30063.4155,17791.6914,40.82,247.474442,539.270789,-117.91,100.0000
997,UMA,34,34,100.00,32,34,94.12,30065.6870,17792.6590,40.82,243.222056,396.591493,-63.06,100.0000
998,UMA,34,34,100.00,29,34,85.29,30075.0952,17795.4127,40.83,219.094937,298.460398,-36.22,100.0000
999,UMA,48,48,100.00,42,48,87.50,30078.1222,17798.2210,40.83,178.541754,245.569605,-37.54,100.0000
1000,UMA,48,48,100.00,40,48,83.33,30080.3755,17801.1238,40.82,134.637016,189.617878,-40.84,100.0000
1001,UMA,74,74,100.00,67,74,90.54,30082.3191,17802.5596,40.82,86.798951,105.440850,-21.48,100.0000
1002,UMA,74,74,100.00,66,74,89.19,30083.8130,17803.6654,40.82,86.754535,52.178959,39.85,100.0000
1003,UMA,55,55,100.00,49,55,89.09,30085.5283,17804.1572,40.82,85.725277,29.076274,66.08,100.0000
1004,UMA,103,104,99.04,81,103,78.64,30086.0640,17804.4801,40.82,85.143613,28.303177,66.76,100.0000
1005,UMA,102,103,99.03,89,102,87.25,30088.0722,17804.7320,40.82,81.002617,28.261657,65.11,100.0000
1006,UMA,99,102,97.06,83,99,83.84,30090.9632,17805.6000,40.83,72.512129,27.742461,61.74,100.0000
1007,UMA,95,99,95.96,87,95,91.58,30091.8905,17806.7138,40.83,69.908866,25.706738,63.23,100.0000
1008,UMA,94,95,98.95,71,94,75.53,30093.3286,17807.3948,40.83,68.054061,24.246224,64.37,100.0000
1009,UMA,92,94,97.87,72,92,78.26,30097.0505,17808.4482,40.83,48.058319,24.005431,50.05,100.0000
1010,UMA,92,92,100.00,70,92,76.09,30100.3326,17809.6482,40.83,46.040479,16.757134,63.60,100.0000
1011,UMA,92,92,100.00,27,92,29.35,30124.4140,17813.2360,40.87,56.538077,14.102356,75.06,100.0000
1012,UMA,92,92,100.00,41,92,44.57,30127.3395,17817.4549,40.86,26.729781,13.384865,49.93,100.0000
1013,UMA,92,92,100.00,49,92,53.26,30131.2838,17823.0017,40.85,24.034944,5.885085,75.51,100.0000
1014,UMA,85,92,92.39,59,85,69.41,30136.3595,17824.7206,40.85,15.492702,4.394219,71.64,100.0000
1015,UMA,85,85,100.00,34,85,40.00,30141.1241,17827.3717,40.85,15.902354,4.329202,72.78,100.0000
1016,UMA,85,85,100.00,48,85,56.47,30147.5072,17829.9738,40.86,15.521644,3.969813,74.42,100.0000
1017,UMA,82,85,96.47,39,82,47.56,30151.8215,17832.1613,40.86,16.072776,4.108752,74.44,100.0000
1018,UMA,81,82,98.78,21,81,25.93,30161.8317,17833.1580,40.88,15.441950,4.029497,73.91,100.0000
1019,UMA,81,81,100.00,48,81,59.26,30166.2089,17834.4695,40.88,14.926612,3.936023,73.63,100.0000
1020,UMA,81,81,100.00,11,81,13.58,30177.1740,17837.6787,40.89,14.712394,4.115651,72.03,100.0000
1021,UMA,70,81,86.42,11,70,15.71,30203.9864,17843.9238,40.92,21.671513,5.232839,75.85,100.0000
1022,UMA,197,200,98.50,21,197,10.66,30258.8439,17848.6557,41.01,22.031505,5.295279,75.96,100.0000
1023,UMA,193,197,97.97,29,193,15.03,30314.7012,17855.0120,41.10,27.142598,6.510458,76.01,100.0000
1024,UMA,191,193,98.96,47,191,24.61,30327.4531,17857.1284,41.12,29.328281,6.585160,77.55,100.0000
1025,UMA,188,191,98.43,80,188,42.55,30330.1486,17866.0402,41.09,29.554557,7.998954,72.93,100.0000
1026,UMA,186,188,98.94,75,186,40.32,30339.8522,17869.4344,41.10,30.707328,8.286458,73.01,100.0000
1027,UMA,182,186,97.85,47,182,25.82,30365.9013,17872.4492,41.14,36.424214,8.380141,76.99,100.0000
1028,UMA,177,182,97.25,41,177,23.16,30389.4624,17874.6188,41.18,35.926403,8.302319,76.89,100.0000
1029,UMA,173,177,97.74,41,173,23.70,30402.0930,17878.0696,41.19,35.906527,8.090336,77.47,100.0000
1030,UMA,172,173,99.42,48,172,27.91,30423.6709,17884.5497,41.22,37.358819,8.820041,76.39,100.0000
1031,UMA,169,172,98.26,51,169,30.18,30443.8227,17886.6003,41.25,40.712060,8.928922,78.07,100.0000
1032,UMA,166,169,98.22,55,166,33.13,30475.8160,17893.2805,41.29,50.838806,10.163146,80.01,100.0000
1033,UMA,160,166,96.39,48,160,30.00,30494.1706,17894.6292,41.32,56.528450,10.247216,81.87,100.0000
1034,UMA,152,160,95.00,21,152,13.82,30520.1815,17902.1975,41.34,74.722644,11.941930,84.02,100.0000
1035,UMA,150,152,98.68,27,150,18.00,30548.8959,17906.2768,41.38,99.408001,12.595587,87.33,100.0000
1036,UMA,149,150,99.33,27,149,18.12,30576.5953,17911.6974,41.42,108.869745,13.376160,87.71,100.0000
1037,UMA,143,149,95.97,39,143,27.27,30591.9306,17917.8444,41.43,109.426415,13.450667,87.71,100.0000
1038,UMA,138,143,96.50,27,138,19.57,30625.5248,17919.2671,41.49,110.997847,13.472410,87.86,100.0000
1039,UMA,133,138,96.38,20,133,15.04,30678.9004,17926.1059,41.57,115.684594,14.200467,87.72,100.0000
1040,UMA,131,133,98.50,27,131,20.61,30728.2688,17932.9038,41.64,152.102992,15.894969,89.55,100.0000
1041,UMA,129,131,98.47,18,129,13.95,30772.1589,17944.4137,41.69,147.820594,16.766218,88.66,100.0000
1042,UMA,127,129,98.45,61,127,48.03,30777.3331,17949.7732,41.68,148.433965,16.448607,88.92,100.0000
1043,UMA,127,127,100.00,77,127,60.63,30778.4499,17957.8314,41.65,148.197577,16.087559,89.14,100.0000
1044,UMA,127,127,100.00,89,127,70.08,30785.1176,17959.0570,41.66,148.455083,15.959083,89.25,100.0000
1045,UMA,125,127,98.43,87,125,69.60,30795.1607,17962.2475,41.67,148.373431,15.608971,89.48,100.0000
1046,UMA,114,125,91.20,14,114,12.28,30822.7056,17965.2821,41.71,169.958192,15.531192,90.86,100.0000
1047,UMA,103,114,90.35,16,103,15.53,30885.0998,17981.1146,41.78,235.048736,15.448122,93.43,100.0000
1048,UMA,91,103,88.35,11,91,12.09,30962.6001,17987.8183,41.90,422.782390,15.893395,96.24,100.0000
1049,UMA,87,91,95.60,11,87,12.64,31006.3076,17997.4143,41.96,431.143959,15.913116,96.31,100.0000
1050,UMA,63,87,72.41,7,63,11.11,31121.8082,18018.2797,42.10,433.419820,26.821300,93.81,100.0000
1051,UMA,120,200,60.00,10,120,8.33,31232.7176,18026.9894,42.28,428.228856,27.950295,93.47,100.0000
1052,UMA,86,120,71.67,9,86,10.47,31233.0305,18028.1656,42.28,427.716983,27.698674,93.52,100.0000
1053,UMA,63,86,73.26,6,63,9.52,31347.0614,18030.5483,42.48,430.505422,27.182310,93.69,100.0000
1054,UMA,87,200,43.50,5,87,5.75,31357.2176,18054.2325,42.42,430.393108,35.467473,91.76,100.0000
1055,UMA,55,87,63.22,9,55,16.36,31357.8000,18077.7985,42.35,430.082118,42.879682,90.03,100.0000
1056,UMA,164,200,82.00,10,164,6.10,31358.8720,18080.0401,42.34,428.539276,42.230750,90.15,100.0000
1057,UMA,124,164,75.61,37,124,29.84,31360.1757,18080.3080,42.35,423.301534,41.922226,90.10,100.0000
1058,UMA,98,124,79.03,8,98,8.16,31470.3421,18102.9633,42.48,431.249419,57.736483,86.61,100.0000
1059,UMA,51,98,52.04,5,51,9.80,31583.1848,18141.9975,42.56,814.442172,112.274085,86.21,100.0000
1060,UMA,200,200,100.00,30,200,15.00,31600.2651,18178.0629,42.47,813.876179,154.671120,81.00,100.0000
1061,UMA,114,200,57.00,8,114,7.02,31603.2366,18199.9389,42.41,813.919676,162.614711,80.02,100.0000
1062,UMA,87,114,76.32,10,87,11.49,31603.7327,18203.9007,42.40,799.503514,161.528105,79.80,100.0000
1063,UMA,70,87,80.46,8,70,11.43,31639.0439,18211.8726,42.44,825.251328,161.769240,80.40,100.0000
1064,UMA,169,200,84.50,36,169,21.30,31699.0877,18231.3725,42.49,814.358791,159.419350,80.42,100.0000
1065,UMA,64,169,37.87,5,64,7.81,31805.4249,18272.6180,42.55,1011.230596,159.280168,84.25,100.0000
1066,UMA,176,200,88.00,32,176,18.18,31826.0646,18302.9648,42.49,1002.604326,158.209663,84.22,100.0000
1067,UMA,127,176,72.16,8,127,6.30,31840.6178,18325.7248,42.45,1005.631817,160.024731,84.09,100.0000
1068,UMA,106,127,83.46,18,106,16.98,31892.6460,18334.5806,42.51,1010.326302,160.984118,84.07,100.0000
1069,UMA,82,106,77.36,7,82,8.54,31931.2816,18344.7083,42.55,1029.952132,161.641337,84.31,100.0000
1070,UMA,74,82,90.24,11,74,14.86,31979.8444,18351.6283,42.62,998.285973,161.032078,83.87,100.0000
1071,UMA,130,200,65.00,5,130,3.85,32152.2677,18374.5894,42.85,1069.682137,162.268772,84.83,100.0000
1072,UMA,80,130,61.54,5,80,6.25,32309.0881,18438.9568,42.93,1072.232340,205.588735,80.83,100.0000
1073,UMA,60,80,75.00,6,60,10.00,32423.3420,18493.4813,42.96,1208.689420,258.224522,78.64,100.0000
1074,UMA,136,200,68.00,11,136,8.09,32429.9749,18516.7578,42.90,1208.415256,267.402047,77.87,100.0000
1075,UMA,117,136,86.03,8,117,6.84,32466.0413,18551.1600,42.86,1241.863070,267.595158,78.45,100.0000
1076,UMA,102,117,87.18,13,102,12.75,32589.3882,18575.0294,43.00,1228.116409,274.414224,77.66,100.0000
1077,UMA,84,102,82.35,8,84,9.52,32628.3011,18591.2133,43.02,1160.904817,275.651396,76.26,100.0000
1078,UMA,79,84,94.05,8,79,10.13,32695.1966,18598.9983,43.11,997.736914,270.161821,72.92,100.0000
1079,UMA,165,200,82.50,6,165,3.64,32827.1848,18605.6065,43.32,1073.333679,267.130349,75.11,100.0000
1080,UMA,115,165,69.70,6,115,5.22,33031.9182,18666.5996,43.49,1267.280074,259.847940,79.50,100.0000
1081,UMA,84,115,73.04,15,84,17.86,33032.6210,18741.8626,43.26,1266.427312,284.648696,77.52,100.0000
1082,UMA,67,84,79.76,4,67,5.97,33205.4055,18757.6987,43.51,1462.327870,281.962923,80.72,100.0000
1083,UMA,187,200,93.50,16,187,8.56,33270.4597,18810.0334,43.46,1460.147412,308.583330,78.87,100.0000
1084,UMA,166,187,88.77,26,166,15.66,33309.5575,18869.7578,43.35,1492.933778,307.057117,79.43,100.0000
1085,UMA,156,166,93.98,39,156,25.00,33327.7404,18890.4234,43.32,1495.987323,286.741029,80.83,100.0000
1086,UMA,150,156,96.15,52,150,34.67,33344.2025,18898.0767,43.32,1508.994209,284.676441,81.13,100.0000
1087,UMA,145,150,96.67,104,145,71.72,33352.6354,18899.0931,43.34,1509.604755,284.996900,81.12,100.0000
1088,UMA,136,145,93.79,69,136,50.74,33363.0377,18902.1225,43.34,1506.391714,288.992581,80.82,100.0000
1089,UMA,124,136,91.18,60,124,48.39,33378.4824,18903.6434,43.37,1119.215684,262.907792,76.51,100.0000
1090,UMA,107,124,86.29,70,107,65.42,33384.7128,18905.5999,43.37,1118.581394,239.592866,78.58,100.0000
1091,UMA,103,107,96.26,94,103,91.26,33390.4606,18907.1772,43.38,1118.662041,239.172830,78.62,100.0000
1092,UMA,99,103,96.12,75,99,75.76,33403.6035,18907.9798,43.40,1119.185077,236.467317,78.87,100.0000
1093,UMA,89,99,89.90,70,89,78.65,33418.5944,18913.3383,43.40,1096.098402,233.751435,78.67,100.0000
1094,UMA,82,89,92.13,74,82,90.24,33422.0150,18920.2693,43.39,1085.926839,233.209653,78.52,100.0000
1095,UMA,75,82,91.46,69,75,92.00,33426.3298,18923.6228,43.39,857.885707,231.590173,73.00,100.0000
1096,UMA,67,67,100.00,49,67,73.13,33430.2995,18924.8748,43.39,858.390775,229.744801,73.24,100.0000
1097,UMA,198,200,99.00,160,198,80.81,33439.1327,18926.8595,43.40,852.493296,223.549526,73.78,100.0000
1098,UMA,180,198,90.91,146,180,81.11,33447.8696,18931.6804,43.40,850.011423,224.289084,73.61,100.0000
1099,UMA,175,180,97.22,122,175,69.71,33461.3555,18938.6592,43.40,830.851526,224.527833,72.98,100.0000
1100,UMA,175,175,100.00,136,175,77.71,33468.7849,18945.3407,43.39,823.887770,222.652541,72.98,100.0000
1101,UMA,174,175,99.43,154,174,88.51,33469.4772,18949.9805,43.38,731.223228,222.500833,69.57,100.0000
1102,UMA,174,174,100.00,156,174,89.66,33474.5560,18950.4688,43.39,731.468374,190.587253,73.94,100.0000
1103,UMA,173,174,99.43,170,173,98.27,33476.7983,18951.1655,43.39,611.372785,138.856882,77.29,100.0000
1104,UMA,170,173,98.27,145,170,85.29,33479.2706,18951.3029,43.39,610.984762,128.524928,78.96,100.0000
1105,UMA,169,170,99.41,161,169,95.27,33483.0228,18951.6422,43.40,576.265849,128.568612,77.69,100.0000
1106,UMA,169,169,100.00,156,169,92.31,33485.5131,18952.4744,43.40,572.211727,119.308847,79.15,100.0000
1107,UMA,167,169,98.82,159,167,95.21,33486.7414,18953.4424,43.40,572.165078,115.440953,79.82,100.0000
1108,UMA,165,167,98.80,149,165,90.30,33488.3315,18953.4998,43.40,541.376325,114.997925,78.76,100.0000
1109,UMA,165,165,100.00,102,165,61.82,33490.5516,18953.8066,43.41,458.831433,115.281625,74.87,100.0000
1110,UMA,165,165,100.00,147,165,89.09,33502.2092,18956.6973,43.42,257.404546,83.431495,67.59,100.0000
1111,UMA,160,165,96.97,85,160,53.13,33513.1853,18959.0122,43.43,257.203242,37.758530,85.32,100.0000
1112,UMA,153,160,95.63,88,153,57.52,33527.4667,18963.4220,43.44,71.123614,29.707416,58.23,100.0000
1113,UMA,123,153,80.39,26,123,21.14,33546.4482,18973.2539,43.44,69.459802,19.650456,71.71,100.0000
1114,UMA,80,123,65.04,5,80,6.25,33634.1578,18996.6428,43.52,274.701157,18.191073,93.38,100.0000
1115,UMA,68,80,85.00,6,68,8.82,33823.8801,19061.6367,43.64,1323.353055,88.346789,93.32,100.0000
1116,UMA,139,200,69.50,12,139,8.63,33824.1899,19123.8966,43.46,1304.347245,143.190724,89.02,100.0000
1117,UMA,106,139,76.26,5,106,4.72,34210.4548,19243.8325,43.75,5300.144965,427.511544,91.93,100.0000
1118,UMA,89,106,83.96,5,89,5.62,34345.4586,19327.8127,43.73,5295.869375,582.860073,88.99,100.0000
1119,UMA,86,89,96.63,23,86,26.74,34364.8560,19414.1557,43.51,5273.534854,737.925133,86.01,100.0000
1120,UMA,78,86,90.70,9,78,11.54,34403.6826,19438.3070,43.50,5277.801185,733.437844,86.10,100.0000
1121,UMA,199,200,99.50,52,199,26.13,34410.9145,19444.4148,43.49,5293.783048,729.632715,86.22,100.0000
1122,UMA,196,199,98.49,18,196,9.18,34461.6613,19455.2367,43.55,5297.935420,725.204924,86.31,100.0000
1123,UMA,188,196,95.92,102,188,54.26,34469.9716,19461.0837,43.54,5312.808783,726.784125,86.32,100.0000
1124,UMA,179,188,95.21,40,179,22.35,34486.8877,19468.0180,43.55,5346.571120,729.127795,86.36,100.0000
1125,UMA,177,179,98.88,119,177,67.23,34489.6686,19470.5558,43.55,5348.665355,733.614061,86.28,100.0000
1126,UMA,162,177,91.53,113,162,69.75,34493.7761,19471.8813,43.55,5344.288455,735.265194,86.24,100.0000
1127,UMA,157,162,96.91,131,157,83.44,34498.2333,19472.1041,43.56,5344.870679,736.733040,86.22,100.0000
1128,UMA,147,157,93.63,127,147,86.39,34499.7526,19472.4588,43.56,5345.111075,739.441518,86.17,100.0000
1129,UMA,137,147,93.20,112,137,81.75,34508.5590,19473.0139,43.57,5342.619747,743.894491,86.08,100.0000
1130,UMA,124,137,90.51,75,124,60.48,34515.0493,19474.5285,43.58,5348.001660,749.163501,85.99,100.0000
1131,UMA,118,124,95.16,76,118,64.41,34518.7571,19476.0661,43.58,5352.946142,753.449173,85.92,100.0000
1132,UMA,110,118,93.22,54,110,49.09,34532.9646,19478.0656,43.60,5349.582960,755.532366,85.88,100.0000
1133,UMA,103,110,93.64,48,103,46.60,34551.9755,19481.5136,43.62,5342.385075,757.288641,85.82,100.0000
1134,UMA,95,103,92.23,41,95,43.16,34571.7652,19487.5346,43.63,5342.771339,761.478759,85.75,100.0000
1135,UMA,89,95,93.68,33,89,37.08,34594.2636,19494.2240,43.65,5357.710737,767.463131,85.68,100.0000
1136,UMA,88,89,98.88,23,88,26.14,34614.5049,19501.1555,43.66,5374.767211,774.049085,85.60,100.0000
1137,UMA,87,88,98.86,47,87,54.02,34627.9072,19507.1109,43.67,5369.800206,779.075789,85.49,100.0000
1138,UMA,87,87,100.00,50,87,57.47,34636.4944,19510.4109,43.67,5362.389719,781.389019,85.43,100.0000
1139,UMA,86,87,98.85,23,86,26.74,34644.2868,19511.6406,43.68,5370.951919,781.561277,85.45,100.0000
1140,UMA,85,86,98.84,21,85,24.71,34645.8974,19512.1393,43.68,5356.491473,778.553956,85.47,100.0000
1141,UMA,85,85,100.00,34,85,40.00,34657.0337,19514.4664,43.69,5373.107170,778.048237,85.52,100.0000
